[1,  1000] loss: 0.787 
[1,  2000] loss: 0.586 
[1,  3000] loss: 0.546 
[2,  1000] loss: 0.508 
[2,  2000] loss: 0.481 
[2,  3000] loss: 0.453 
[3,  1000] loss: 0.434 
[3,  2000] loss: 0.426 
[3,  3000] loss: 0.402 
[4,  1000] loss: 0.392 
[4,  2000] loss: 0.386 
[4,  3000] loss: 0.384 
[5,  1000] loss: 0.369 
[5,  2000] loss: 0.366 
[5,  3000] loss: 0.341 
[6,  1000] loss: 0.345 
[6,  2000] loss: 0.348 
[6,  3000] loss: 0.341 
[7,  1000] loss: 0.323 
[7,  2000] loss: 0.322 
[7,  3000] loss: 0.309 
[8,  1000] loss: 0.307 
[8,  2000] loss: 0.313 
[8,  3000] loss: 0.282 
[9,  1000] loss: 0.298 
[9,  2000] loss: 0.297 
[9,  3000] loss: 0.287 
[10,  1000] loss: 0.276 
[10,  2000] loss: 0.293 
[10,  3000] loss: 0.274 
[11,  1000] loss: 0.264 
[11,  2000] loss: 0.273 
[11,  3000] loss: 0.278 
[12,  1000] loss: 0.273 
[12,  2000] loss: 0.256 
[12,  3000] loss: 0.254 
[13,  1000] loss: 0.254 
[13,  2000] loss: 0.244 
[13,  3000] loss: 0.253 
[14,  1000] loss: 0.244 
[14,  2000] loss: 0.257 
[14,  3000] loss: 0.246 
[15,  1000] loss: 0.244 
[15,  2000] loss: 0.250 
[15,  3000] loss: 0.242 
[16,  1000] loss: 0.230 
[16,  2000] loss: 0.234 
[16,  3000] loss: 0.250 
[17,  1000] loss: 0.238 
[17,  2000] loss: 0.226 
[17,  3000] loss: 0.237 
[18,  1000] loss: 0.220 
[18,  2000] loss: 0.208 
[18,  3000] loss: 0.242 
[19,  1000] loss: 0.218 
[19,  2000] loss: 0.219 
[19,  3000] loss: 0.230 
[20,  1000] loss: 0.216 
[20,  2000] loss: 0.229 
[20,  3000] loss: 0.217 
[21,  1000] loss: 0.209 
[21,  2000] loss: 0.213 
[21,  3000] loss: 0.220 
[22,  1000] loss: 0.209 
[22,  2000] loss: 0.212 
[22,  3000] loss: 0.208 
[23,  1000] loss: 0.214 
[23,  2000] loss: 0.210 
[23,  3000] loss: 0.210 
[24,  1000] loss: 0.227 
[24,  2000] loss: 0.198 
[24,  3000] loss: 0.203 
[25,  1000] loss: 0.201 
[25,  2000] loss: 0.208 
[25,  3000] loss: 0.197 
[26,  1000] loss: 0.204 
[26,  2000] loss: 0.200 
[26,  3000] loss: 0.197 
[27,  1000] loss: 0.203 
[27,  2000] loss: 0.187 
[27,  3000] loss: 0.197 
[28,  1000] loss: 0.195 
[28,  2000] loss: 0.198 
[28,  3000] loss: 0.203 
[29,  1000] loss: 0.202 
[29,  2000] loss: 0.195 
[29,  3000] loss: 0.188 
[30,  1000] loss: 0.194 
[30,  2000] loss: 0.201 
[30,  3000] loss: 0.190 
[31,  1000] loss: 0.188 
[31,  2000] loss: 0.202 
[31,  3000] loss: 0.184 
[32,  1000] loss: 0.189 
[32,  2000] loss: 0.187 
[32,  3000] loss: 0.187 
[33,  1000] loss: 0.183 
[33,  2000] loss: 0.187 
[33,  3000] loss: 0.197 
[34,  1000] loss: 0.181 
[34,  2000] loss: 0.180 
[34,  3000] loss: 0.187 
[35,  1000] loss: 0.179 
[35,  2000] loss: 0.178 
[35,  3000] loss: 0.185 
[36,  1000] loss: 0.189 
[36,  2000] loss: 0.178 
[36,  3000] loss: 0.178 
[37,  1000] loss: 0.167 
[37,  2000] loss: 0.196 
[37,  3000] loss: 0.187 
[38,  1000] loss: 0.184 
[38,  2000] loss: 0.178 
[38,  3000] loss: 0.186 
[39,  1000] loss: 0.176 
[39,  2000] loss: 0.182 
[39,  3000] loss: 0.176 
[40,  1000] loss: 0.180 
[40,  2000] loss: 0.177 
[40,  3000] loss: 0.169 
[41,  1000] loss: 0.185 
[41,  2000] loss: 0.168 
[41,  3000] loss: 0.168 
[42,  1000] loss: 0.171 
[42,  2000] loss: 0.169 
[42,  3000] loss: 0.179 
[43,  1000] loss: 0.170 
[43,  2000] loss: 0.164 
[43,  3000] loss: 0.174 
[44,  1000] loss: 0.167 
[44,  2000] loss: 0.168 
[44,  3000] loss: 0.183 
[45,  1000] loss: 0.176 
[45,  2000] loss: 0.168 
[45,  3000] loss: 0.176 
[46,  1000] loss: 0.173 
[46,  2000] loss: 0.169 
[46,  3000] loss: 0.174 
[47,  1000] loss: 0.179 
[47,  2000] loss: 0.175 
[47,  3000] loss: 0.170 
[48,  1000] loss: 0.168 
[48,  2000] loss: 0.174 
[48,  3000] loss: 0.159 
[49,  1000] loss: 0.169 
[49,  2000] loss: 0.173 
[49,  3000] loss: 0.159 
[50,  1000] loss: 0.173 
[50,  2000] loss: 0.176 
[50,  3000] loss: 0.165 
[51,  1000] loss: 0.162 
[51,  2000] loss: 0.177 
[51,  3000] loss: 0.166 
[52,  1000] loss: 0.164 
[52,  2000] loss: 0.175 
[52,  3000] loss: 0.173 
[53,  1000] loss: 0.158 
[53,  2000] loss: 0.158 
[53,  3000] loss: 0.167 
[54,  1000] loss: 0.171 
[54,  2000] loss: 0.162 
[54,  3000] loss: 0.170 
[55,  1000] loss: 0.156 
[55,  2000] loss: 0.157 
[55,  3000] loss: 0.159 
[56,  1000] loss: 0.161 
[56,  2000] loss: 0.171 
[56,  3000] loss: 0.148 
[57,  1000] loss: 0.158 
[57,  2000] loss: 0.156 
[57,  3000] loss: 0.161 
[58,  1000] loss: 0.158 
[58,  2000] loss: 0.155 
[58,  3000] loss: 0.165 
[59,  1000] loss: 0.163 
[59,  2000] loss: 0.170 
[59,  3000] loss: 0.167 
[60,  1000] loss: 0.153 
[60,  2000] loss: 0.155 
[60,  3000] loss: 0.165 
[61,  1000] loss: 0.174 
[61,  2000] loss: 0.179 
[61,  3000] loss: 0.161 
[62,  1000] loss: 0.165 
[62,  2000] loss: 0.160 
[62,  3000] loss: 0.153 
[63,  1000] loss: 0.154 
[63,  2000] loss: 0.153 
[63,  3000] loss: 0.156 
[64,  1000] loss: 0.160 
[64,  2000] loss: 0.149 
[64,  3000] loss: 0.164 
[65,  1000] loss: 0.157 
[65,  2000] loss: 0.157 
[65,  3000] loss: 0.157 
[66,  1000] loss: 0.158 
[66,  2000] loss: 0.162 
[66,  3000] loss: 0.166 
[67,  1000] loss: 0.153 
[67,  2000] loss: 0.167 
[67,  3000] loss: 0.152 
[68,  1000] loss: 0.150 
[68,  2000] loss: 0.157 
[68,  3000] loss: 0.163 
[69,  1000] loss: 0.154 
[69,  2000] loss: 0.160 
[69,  3000] loss: 0.154 
[70,  1000] loss: 0.153 
[70,  2000] loss: 0.156 
[70,  3000] loss: 0.151 
[71,  1000] loss: 0.156 
[71,  2000] loss: 0.154 
[71,  3000] loss: 0.147 
[72,  1000] loss: 0.146 
[72,  2000] loss: 0.157 
[72,  3000] loss: 0.153 
[73,  1000] loss: 0.141 
[73,  2000] loss: 0.156 
[73,  3000] loss: 0.158 
[74,  1000] loss: 0.148 
[74,  2000] loss: 0.158 
[74,  3000] loss: 0.153 
[75,  1000] loss: 0.143 
[75,  2000] loss: 0.151 
[75,  3000] loss: 0.153 
[76,  1000] loss: 0.155 
[76,  2000] loss: 0.137 
[76,  3000] loss: 0.157 
[77,  1000] loss: 0.143 
[77,  2000] loss: 0.157 
[77,  3000] loss: 0.156 
[78,  1000] loss: 0.145 
[78,  2000] loss: 0.145 
[78,  3000] loss: 0.155 
[79,  1000] loss: 0.144 
[79,  2000] loss: 0.153 
[79,  3000] loss: 0.157 
[80,  1000] loss: 0.145 
[80,  2000] loss: 0.145 
[80,  3000] loss: 0.151 
[81,  1000] loss: 0.143 
[81,  2000] loss: 0.148 
[81,  3000] loss: 0.145 
[82,  1000] loss: 0.159 
[82,  2000] loss: 0.160 
[82,  3000] loss: 0.143 
[83,  1000] loss: 0.145 
[83,  2000] loss: 0.156 
[83,  3000] loss: 0.140 
[84,  1000] loss: 0.145 
[84,  2000] loss: 0.146 
[84,  3000] loss: 0.155 
[85,  1000] loss: 0.146 
[85,  2000] loss: 0.147 
[85,  3000] loss: 0.149 
[86,  1000] loss: 0.148 
[86,  2000] loss: 0.148 
[86,  3000] loss: 0.148 
[87,  1000] loss: 0.142 
[87,  2000] loss: 0.143 
[87,  3000] loss: 0.148 
[88,  1000] loss: 0.145 
[88,  2000] loss: 0.139 
[88,  3000] loss: 0.157 
[89,  1000] loss: 0.145 
[89,  2000] loss: 0.145 
[89,  3000] loss: 0.153 
[90,  1000] loss: 0.132 
[90,  2000] loss: 0.152 
[90,  3000] loss: 0.152 
[91,  1000] loss: 0.141 
[91,  2000] loss: 0.146 
[91,  3000] loss: 0.139 
[92,  1000] loss: 0.153 
[92,  2000] loss: 0.146 
[92,  3000] loss: 0.147 
[93,  1000] loss: 0.151 
[93,  2000] loss: 0.135 
[93,  3000] loss: 0.151 
[94,  1000] loss: 0.148 
[94,  2000] loss: 0.149 
[94,  3000] loss: 0.147 
[95,  1000] loss: 0.139 
[95,  2000] loss: 0.143 
[95,  3000] loss: 0.147 
[96,  1000] loss: 0.150 
[96,  2000] loss: 0.150 
[96,  3000] loss: 0.134 
[97,  1000] loss: 0.135 
[97,  2000] loss: 0.148 
[97,  3000] loss: 0.151 
[98,  1000] loss: 0.151 
[98,  2000] loss: 0.146 
[98,  3000] loss: 0.144 
[99,  1000] loss: 0.140 
[99,  2000] loss: 0.152 
[99,  3000] loss: 0.141 
[100,  1000] loss: 0.141 
[100,  2000] loss: 0.133 
[100,  3000] loss: 0.144 
[101,  1000] loss: 0.147 
[101,  2000] loss: 0.150 
[101,  3000] loss: 0.139 
[102,  1000] loss: 0.143 
[102,  2000] loss: 0.142 
[102,  3000] loss: 0.133 
[103,  1000] loss: 0.139 
[103,  2000] loss: 0.147 
[103,  3000] loss: 0.138 
[104,  1000] loss: 0.145 
[104,  2000] loss: 0.134 
[104,  3000] loss: 0.140 
[105,  1000] loss: 0.146 
[105,  2000] loss: 0.150 
[105,  3000] loss: 0.144 
[106,  1000] loss: 0.133 
[106,  2000] loss: 0.142 
[106,  3000] loss: 0.136 
[107,  1000] loss: 0.145 
[107,  2000] loss: 0.139 
[107,  3000] loss: 0.139 
[108,  1000] loss: 0.129 
[108,  2000] loss: 0.133 
[108,  3000] loss: 0.152 
[109,  1000] loss: 0.141 
[109,  2000] loss: 0.139 
[109,  3000] loss: 0.145 
[110,  1000] loss: 0.151 
[110,  2000] loss: 0.141 
[110,  3000] loss: 0.141 
[111,  1000] loss: 0.139 
[111,  2000] loss: 0.135 
[111,  3000] loss: 0.130 
[112,  1000] loss: 0.137 
[112,  2000] loss: 0.136 
[112,  3000] loss: 0.136 
[113,  1000] loss: 0.140 
[113,  2000] loss: 0.140 
[113,  3000] loss: 0.147 
[114,  1000] loss: 0.140 
[114,  2000] loss: 0.133 
[114,  3000] loss: 0.138 
[115,  1000] loss: 0.142 
[115,  2000] loss: 0.149 
[115,  3000] loss: 0.147 
[116,  1000] loss: 0.145 
[116,  2000] loss: 0.135 
[116,  3000] loss: 0.146 
[117,  1000] loss: 0.132 
[117,  2000] loss: 0.154 
[117,  3000] loss: 0.146 
[118,  1000] loss: 0.128 
[118,  2000] loss: 0.132 
[118,  3000] loss: 0.147 
[119,  1000] loss: 0.142 
[119,  2000] loss: 0.139 
[119,  3000] loss: 0.127 
[120,  1000] loss: 0.141 
[120,  2000] loss: 0.142 
[120,  3000] loss: 0.144 
[121,  1000] loss: 0.130 
[121,  2000] loss: 0.129 
[121,  3000] loss: 0.138 
[122,  1000] loss: 0.149 
[122,  2000] loss: 0.136 
[122,  3000] loss: 0.136 
[123,  1000] loss: 0.144 
[123,  2000] loss: 0.132 
[123,  3000] loss: 0.151 
[124,  1000] loss: 0.154 
[124,  2000] loss: 0.132 
[124,  3000] loss: 0.152 
[125,  1000] loss: 0.135 
[125,  2000] loss: 0.148 
[125,  3000] loss: 0.136 
[126,  1000] loss: 0.145 
[126,  2000] loss: 0.131 
[126,  3000] loss: 0.143 
[127,  1000] loss: 0.126 
[127,  2000] loss: 0.139 
[127,  3000] loss: 0.137 
[128,  1000] loss: 0.142 
[128,  2000] loss: 0.139 
[128,  3000] loss: 0.141 
[129,  1000] loss: 0.134 
[129,  2000] loss: 0.139 
[129,  3000] loss: 0.140 
[130,  1000] loss: 0.129 
[130,  2000] loss: 0.147 
[130,  3000] loss: 0.145 
[131,  1000] loss: 0.130 
[131,  2000] loss: 0.141 
[131,  3000] loss: 0.144 
[132,  1000] loss: 0.141 
[132,  2000] loss: 0.149 
[132,  3000] loss: 0.138 
[133,  1000] loss: 0.139 
[133,  2000] loss: 0.138 
[133,  3000] loss: 0.135 
[134,  1000] loss: 0.127 
[134,  2000] loss: 0.142 
[134,  3000] loss: 0.138 
[135,  1000] loss: 0.138 
[135,  2000] loss: 0.134 
[135,  3000] loss: 0.128 
[136,  1000] loss: 0.151 
[136,  2000] loss: 0.116 
[136,  3000] loss: 0.139 
[137,  1000] loss: 0.133 
[137,  2000] loss: 0.125 
[137,  3000] loss: 0.145 
[138,  1000] loss: 0.131 
[138,  2000] loss: 0.134 
[138,  3000] loss: 0.130 
[139,  1000] loss: 0.118 
[139,  2000] loss: 0.134 
[139,  3000] loss: 0.127 
[140,  1000] loss: 0.138 
[140,  2000] loss: 0.138 
[140,  3000] loss: 0.140 
[141,  1000] loss: 0.137 
[141,  2000] loss: 0.134 
[141,  3000] loss: 0.148 
[142,  1000] loss: 0.149 
[142,  2000] loss: 0.128 
[142,  3000] loss: 0.144 
[143,  1000] loss: 0.125 
[143,  2000] loss: 0.129 
[143,  3000] loss: 0.133 
[144,  1000] loss: 0.137 
[144,  2000] loss: 0.125 
[144,  3000] loss: 0.132 
[145,  1000] loss: 0.136 
[145,  2000] loss: 0.137 
[145,  3000] loss: 0.133 
[146,  1000] loss: 0.131 
[146,  2000] loss: 0.140 
[146,  3000] loss: 0.139 
[147,  1000] loss: 0.136 
[147,  2000] loss: 0.136 
[147,  3000] loss: 0.125 
[148,  1000] loss: 0.139 
[148,  2000] loss: 0.138 
[148,  3000] loss: 0.117 
[149,  1000] loss: 0.144 
[149,  2000] loss: 0.116 
[149,  3000] loss: 0.153 
[150,  1000] loss: 0.134 
[150,  2000] loss: 0.135 
[150,  3000] loss: 0.146 
[151,  1000] loss: 0.131 
[151,  2000] loss: 0.127 
[151,  3000] loss: 0.126 
[152,  1000] loss: 0.132 
[152,  2000] loss: 0.128 
[152,  3000] loss: 0.128 
[153,  1000] loss: 0.131 
[153,  2000] loss: 0.142 
[153,  3000] loss: 0.118 
[154,  1000] loss: 0.146 
[154,  2000] loss: 0.124 
[154,  3000] loss: 0.123 
[155,  1000] loss: 0.136 
[155,  2000] loss: 0.140 
[155,  3000] loss: 0.140 
[156,  1000] loss: 0.136 
[156,  2000] loss: 0.142 
[156,  3000] loss: 0.133 
[157,  1000] loss: 0.139 
[157,  2000] loss: 0.127 
[157,  3000] loss: 0.135 
[158,  1000] loss: 0.134 
[158,  2000] loss: 0.133 
[158,  3000] loss: 0.130 
[159,  1000] loss: 0.134 
[159,  2000] loss: 0.128 
[159,  3000] loss: 0.135 
[160,  1000] loss: 0.133 
[160,  2000] loss: 0.117 
[160,  3000] loss: 0.135 
[161,  1000] loss: 0.138 
[161,  2000] loss: 0.141 
[161,  3000] loss: 0.118 
[162,  1000] loss: 0.137 
[162,  2000] loss: 0.131 
[162,  3000] loss: 0.134 
[163,  1000] loss: 0.122 
[163,  2000] loss: 0.116 
[163,  3000] loss: 0.140 
[164,  1000] loss: 0.131 
[164,  2000] loss: 0.133 
[164,  3000] loss: 0.145 
[165,  1000] loss: 0.128 
[165,  2000] loss: 0.125 
[165,  3000] loss: 0.139 
[166,  1000] loss: 0.132 
[166,  2000] loss: 0.141 
[166,  3000] loss: 0.131 
[167,  1000] loss: 0.130 
[167,  2000] loss: 0.134 
[167,  3000] loss: 0.130 
[168,  1000] loss: 0.132 
[168,  2000] loss: 0.133 
[168,  3000] loss: 0.138 
[169,  1000] loss: 0.132 
[169,  2000] loss: 0.135 
[169,  3000] loss: 0.130 
[170,  1000] loss: 0.132 
[170,  2000] loss: 0.123 
[170,  3000] loss: 0.138 
[171,  1000] loss: 0.129 
[171,  2000] loss: 0.123 
[171,  3000] loss: 0.135 
[172,  1000] loss: 0.129 
[172,  2000] loss: 0.140 
[172,  3000] loss: 0.132 
[173,  1000] loss: 0.130 
[173,  2000] loss: 0.125 
[173,  3000] loss: 0.127 
[174,  1000] loss: 0.142 
[174,  2000] loss: 0.131 
[174,  3000] loss: 0.116 
[175,  1000] loss: 0.139 
[175,  2000] loss: 0.131 
[175,  3000] loss: 0.138 
[176,  1000] loss: 0.125 
[176,  2000] loss: 0.125 
[176,  3000] loss: 0.133 
[177,  1000] loss: 0.121 
[177,  2000] loss: 0.130 
[177,  3000] loss: 0.135 
[178,  1000] loss: 0.135 
[178,  2000] loss: 0.122 
[178,  3000] loss: 0.135 
[179,  1000] loss: 0.131 
[179,  2000] loss: 0.127 
[179,  3000] loss: 0.135 
[180,  1000] loss: 0.141 
[180,  2000] loss: 0.126 
[180,  3000] loss: 0.136 
[181,  1000] loss: 0.129 
[181,  2000] loss: 0.125 
[181,  3000] loss: 0.127 
[182,  1000] loss: 0.131 
[182,  2000] loss: 0.133 
[182,  3000] loss: 0.124 
[183,  1000] loss: 0.122 
[183,  2000] loss: 0.119 
[183,  3000] loss: 0.141 
[184,  1000] loss: 0.132 
[184,  2000] loss: 0.140 
[184,  3000] loss: 0.142 
[185,  1000] loss: 0.131 
[185,  2000] loss: 0.133 
[185,  3000] loss: 0.131 
[186,  1000] loss: 0.126 
[186,  2000] loss: 0.127 
[186,  3000] loss: 0.126 
[187,  1000] loss: 0.122 
[187,  2000] loss: 0.117 
[187,  3000] loss: 0.141 
[188,  1000] loss: 0.129 
[188,  2000] loss: 0.140 
[188,  3000] loss: 0.121 
[189,  1000] loss: 0.125 
[189,  2000] loss: 0.132 
[189,  3000] loss: 0.136 
[190,  1000] loss: 0.120 
[190,  2000] loss: 0.126 
[190,  3000] loss: 0.147 
[191,  1000] loss: 0.127 
[191,  2000] loss: 0.127 
[191,  3000] loss: 0.139 
[192,  1000] loss: 0.127 
[192,  2000] loss: 0.131 
[192,  3000] loss: 0.133 
[193,  1000] loss: 0.117 
[193,  2000] loss: 0.127 
[193,  3000] loss: 0.120 
[194,  1000] loss: 0.135 
[194,  2000] loss: 0.123 
[194,  3000] loss: 0.131 
[195,  1000] loss: 0.124 
[195,  2000] loss: 0.117 
[195,  3000] loss: 0.123 
[196,  1000] loss: 0.118 
[196,  2000] loss: 0.131 
[196,  3000] loss: 0.126 
[197,  1000] loss: 0.122 
[197,  2000] loss: 0.119 
[197,  3000] loss: 0.125 
[198,  1000] loss: 0.128 
[198,  2000] loss: 0.121 
[198,  3000] loss: 0.119 
[199,  1000] loss: 0.134 
[199,  2000] loss: 0.122 
[199,  3000] loss: 0.122 
[200,  1000] loss: 0.127 
[200,  2000] loss: 0.140 
[200,  3000] loss: 0.129 
Finished training.
Accuracy of the network on the test images: 91 % 
Accuracy of BillyMandy : 87 % 
Accuracy of Chowder : 92 % 
Accuracy of EdEddEddy : 94 % 
Accuracy of Fosters : 89 % 
Accuracy of Lazlo : 93 % 
